5815734272
34349361152
91510308864
51051261952
40000000000
1250000000
1019215872
1019215872
1250000000
210087504
#ID:1
84013662208
42040401920
80454287360
84013662208
1129901056
#ID:2
84013662208
42040401920
80454287360
84013662208
1129901056
#ID:3
84013662208
42040401920
80454287360
84013662208
1129901056
#ID:4
5815734272
34349361152
91510308864
51051261952
40000000000
1250000000
1019215872
1019215872
1250000000
210087504
#ID:5
84013662208
42040401920
80454287360
84013662208
#ID:6
77016580096
87697924096
51051261952
46370963456
48666116096
#ID:7
46370963456
40000000000
80454287360
#ID:8