5009330176
77016580096
34349361152
64420401152
40000000000
67402326016
36156833792
67402326016
103749697536
#ID:1
84013662208
42040401920
80454287360
84013662208
#ID:2
84013662208
42040401920
80454287360
84013662208
1129901056
#ID:3
84013662208
42040401920
80454287360
84013662208
#ID:4
5009330176
77016580096
34349361152
64420401152
40000000000
67402326016
36156833792
67402326016
36156833792
#ID:5
5009330176
77016580096
34349361152
64420401152
40000000000
67402326016
36156833792
67402326016
103749697536
#ID:6
36156833792
77016580096
87697924096
48666116096
77016580096
80454287360
46370963456
#ID:7
80454287360
40000000000
44163231744
#ID:8